50 120 480 1250
9765439 10 0 18917750 513
9699901 10 0 18917750 512
9699900 10 0 18917750 512
9699897 10 0 18917750 512
9699896 10 0 18917750 512
9634358 10 0 18917750 512
9634355 10 0 18917750 512
9634351 10 0 18917750 512
9634349 10 0 18917765 512
9568810 10 0 18917765 512
9568807 10 0 18917765 512
9568804 10 0 18917765 512
9568801 10 0 18917765 512
9568799 10 0 18917765 512
9568795 10 0 18917781 512
9568794 10 0 18917781 512
9568791 10 0 18917781 512
9634322 10 0 18917781 512
9634317 10 0 18917781 512
9699851 10 0 18917781 512
9699848 10 0 18917781 512
9699844 10 0 18917781 512
9699839 10 0 18917796 512
9765372 10 0 18917796 512
9830904 10 0 18917796 512
9961972 10 0 18917796 512
10158567 10 0 18917796 512
10289634 10 0 18917796 512
10420700 10 0 18917812 512
10617298 10 0 18917812 512
10682832 10 0 18917812 512
10879435 10 0 18917812 512
11010501 10 0 18917812 512
11469238 10 0 18917812 512
11731375 10 0 18917812 512
11927976 10 0 18917828 512
12386717 10 0 18917828 512
12452250 10 0 18917828 512
12714390 10 0 18917828 512
12976528 10 0 18917828 512
13304202 10 0 18917828 512
13566341 10 0 18917828 512
13762946 10 0 18917828 512
13959550 10 0 18917843 512
14287224 10 0 18917843 512
14418294 10 0 18917843 512
14745969 10 0 18917843 512
15073644 10 0 18917843 512
15597925 10 0 18917843 512
15728996 10 0 18917843 512
15925601 10 0 18917843 512
16253276 10 0 18917859 512
16580952 10 0 18917859 512
16646487 10 0 18917859 512
16777558 10 0 18917859 512
16908628 10 0 18917859 512
17301842 10 0 18917859 512
17432913 10 0 18917859 512
17629520 10 0 18917859 512
17760591 10 0 18917875 512
17891663 10 0 18917875 512
18022735 10 0 18917875 512
18153807 10 0 18917875 512
18284879 10 0 18917875 512
18547023 10 0 18917875 512
18612559 10 0 18917875 512
18743631 10 0 18917875 512
18874704 10 0 18917890 512
19071313 10 0 18917890 512
19136850 10 0 18917890 512
19267923 10 0 18917890 512
19333461 10 0 18917890 512
19530070 10 0 18917890 512
19595608 10 0 18917890 512
19661145 10 0 18917890 512
19857755 10 0 18917906 512
20119904 10 0 18917906 512
20119906 10 0 18917906 512
20250981 10 0 18917906 512
20382056 10 0 18917906 512
20709746 10 0 18917906 512
20709747 10 0 18917906 512
20906361 10 0 18917921 512
21037440 10 0 18917921 512
21365130 10 0 18917921 512
21365133 10 0 18917921 512
21496212 10 0 18917921 512
21627291 10 0 18917921 512
21758370 10 0 18917921 512
21823908 10 0 18917921 512
21889450 10 0 18917937 512
21954993 10 0 18917937 512
22086073 10 0 18917937 512
22151616 10 0 18917937 512
22217162 10 0 18917937 512
22282705 10 0 18917937 512
22413793 10 0 18917937 512
22479334 10 0 18917937 512
22544881 10 0 18917953 512
22741499 10 0 18917953 512
22807056 10 0 18917953 512
22872596 10 0 18917953 512
22938146 10 0 18917953 512
22938157 10 0 18917953 512
23003712 10 0 18917953 512
23069254 10 0 18917953 512
23069264 10 0 18917968 512
23134811 10 0 18917968 512
23200366 10 0 18917968 512
23200370 10 0 18917968 512
23200379 10 0 18917968 512
23200388 10 0 18917968 512
23200398 10 0 18917968 512
23200406 10 0 18917968 512
23200415 10 0 18917984 512
23200423 10 0 18917984 512
23069363 10 0 18917984 512
23003829 10 0 18917984 512
22938300 10 0 18917984 512
22807234 10 0 18917984 512
22545098 10 0 18917984 512
22545099 10 0 18917984 512
22414032 10 0 18918000 512
22282964 10 0 18918000 512
22020826 10 0 18918000 512
22020827 10 0 18918000 512
21889756 10 0 18918000 512
21758685 10 0 18918000 512
21562080 10 0 18918000 512
21431009 10 0 18918015 512
21037795 10 0 18918015 512
20906724 10 0 18918015 512
20710117 10 0 18918015 512
20579045 10 0 18918015 512
20382437 10 0 18918015 512
20120293 10 0 18918015 512
19989221 10 0 18918031 512
19792613 10 0 18918031 512
19661540 10 0 18918031 512
19333859 10 0 18918031 512
19202787 10 0 18918031 512
18940641 10 0 18918031 512
18678495 10 0 18918031 512
18547422 10 0 18918031 512
18416349 10 0 18918046 512
18219739 10 0 18918046 512
18023129 10 0 18918046 512
17695444 10 0 18918046 512
17695443 10 0 18918046 512
17498832 10 0 18918046 512
17367758 10 0 18918046 512
17105608 10 0 18918046 512
17040071 10 0 18918062 512
16777920 10 0 18918062 512
16581306 10 0 18918062 512
16515768 10 0 18918062 512
16450229 10 0 18918062 512
16319151 10 0 18918062 512
16188072 10 0 18918078 512
16122534 10 0 18918078 512
16056993 10 0 18918078 512
15925916 10 0 18918078 512
15860375 10 0 18918078 512
15860369 10 0 18918078 512
15794827 10 0 18918078 512
15729286 10 0 18918078 512
15663739 10 0 18918093 512
15598201 10 0 18918093 512
15532659 10 0 18918093 512
15532651 10 0 18918093 512
15467104 10 0 18918093 512
15467101 10 0 18918093 512
15467095 10 0 18918093 512
15467088 10 0 18918093 512
15467076 10 0 18918109 512
15467074 10 0 18918109 512
15467069 10 0 18918109 512
15467064 10 0 18918109 512
15467053 10 0 18918109 512
15467051 10 0 18918109 512
15467047 10 0 18918109 512
15467042 10 0 18918109 512
15532574 10 0 18918125 512
15532571 10 0 18918125 512
15663639 10 0 18918125 512
15729171 10 0 18918125 512
15860239 10 0 18918125 512
15860238 10 0 18918125 512
15991307 10 0 18918125 512
16056841 10 0 18918140 512
16187910 10 0 18918140 512
16253445 10 0 18918140 512
16253444 10 0 18918140 512
16384515 10 0 18918140 512
16384515 10 0 18918140 514
16450051 10 0 18918140 513
16515587 10 0 18918140 512
16515587 10 0 18918140 514
15532966 10 0 18918359 513
15467429 10 0 18918359 512
15467428 10 0 18918359 512
15401892 10 0 18918359 512
15336356 10 0 18918359 512
15336355 10 0 18918375 512
15336354 10 0 18918375 512
15336353 10 0 18918375 512
15336352 10 0 18918390 512
15336351 10 0 18918390 512
15401885 10 0 18918390 512
15401884 10 0 18918406 512
15467419 10 0 18918406 512
15532954 10 0 18918406 512
15664024 10 0 18918406 512
15729560 10 0 18918406 512
15795095 10 0 18918406 512
15860630 10 0 18918421 512
15926165 10 0 18918421 512
15991701 10 0 18918421 512
16122770 10 0 18918421 512
16253842 10 0 18918421 512
16384913 10 0 18918421 512
16515983 10 0 18918421 512
16647054 10 0 18918421 512
16778125 10 0 18918437 512
16974731 10 0 18918437 512
17105802 10 0 18918437 512
17367944 10 0 18918437 512
17499015 10 0 18918437 512
17695621 10 0 18918437 512
17892227 10 0 18918437 512
18482046 10 0 18918453 512
18547582 10 0 18918453 512
18940795 10 0 18918453 512
19334007 10 0 18918453 512
20054898 10 0 18918453 512
20251504 10 0 18918453 512
20644717 10 0 18918453 512
21103466 10 0 18918468 512
21824356 10 0 18918468 512
22020963 10 0 18918468 512
22545247 10 0 18918468 512
23069530 10 0 18918468 512
23528278 10 0 18918468 512
24118098 10 0 18918468 512
24642382 10 0 18918468 512
25232200 10 0 18918484 512
26280769 10 0 18918484 512
26477376 10 0 18918484 512
26870589 10 0 18918484 512
27460409 10 0 18918484 512
28181299 10 0 18918484 512
28377907 10 0 18918484 512
28771120 10 0 18918484 512
29229869 10 0 18918500 512
29688618 10 0 18918500 512
30081832 10 0 18918500 512
30409510 10 0 18918500 512
30802725 10 0 18918500 512
31327011 10 0 18918500 512
31458083 10 0 18918500 512
31785762 10 0 18918500 512
32047906 10 0 18918515 512
32244514 10 0 18918515 512
32375586 10 0 18918515 512
32506658 10 0 18918515 512
32637730 10 0 18918515 512
32899874 10 0 18918515 512
33030946 10 0 18918515 512
33162020 10 0 18918515 512
33227557 10 0 18918531 512
33358631 10 0 18918531 512
33424168 10 0 18918531 512
33489705 10 0 18918531 512
33555242 10 0 18918531 512
33620780 10 0 18918531 512
33686320 10 0 18918531 512
33751858 10 0 18918531 512
33751860 10 0 18918546 512
33817399 10 0 18918546 512
33882936 10 0 18918546 512
33882938 10 0 18918546 512
33882941 10 0 18918546 512
33882946 10 0 18918546 512
33882947 10 0 18918546 512
33882950 10 0 18918546 512
33882954 10 0 18918562 512
33882959 10 0 18918562 512
33882961 10 0 18918562 512
33882964 10 0 18918562 512
33882967 10 0 18918562 512
33817439 10 0 18918562 512
33751904 10 0 18918562 512
33686372 10 0 18918562 512
33620841 10 0 18918578 512
33555309 10 0 18918578 512
33555312 10 0 18918578 512
33424245 10 0 18918578 512
33358711 10 0 18918578 512
33293178 10 0 18918578 512
33293179 10 0 18918578 512
33162111 10 0 18918593 512
32965508 10 0 18918593 512
32768905 10 0 18918593 512
32637837 10 0 18918593 512
32506769 10 0 18918593 512
32375699 10 0 18918593 512
32179095 10 0 18918593 512
32113561 10 0 18918593 512
31654813 10 0 18918609 512
31261602 10 0 18918609 512
31130530 10 0 18918609 512
30933925 10 0 18918609 512
30606247 10 0 18918609 512
30409639 10 0 18918609 512
30213032 10 0 18918609 512
29885353 10 0 18918625 512
29688747 10 0 18918625 512
29229996 10 0 18918625 512
29164460 10 0 18918625 512
28967852 10 0 18918625 512
28705708 10 0 18918625 512
28378028 10 0 18918625 512
28181420 10 0 18918625 512
27984812 10 0 18918640 512
27722668 10 0 18918640 512
27460524 10 0 18918640 512
27198379 10 0 18918640 512
26870697 10 0 18918640 512
26543016 10 0 18918640 512
26149797 10 0 18918640 512
26084261 10 0 18918640 512
25822115 10 0 18918656 512
25101213 10 0 18918656 512
24904603 10 0 18918656 512
24249237 10 0 18918656 512
24183699 10 0 18918656 512
24052626 10 0 18918671 512
23921550 10 0 18918671 512
23724939 10 0 18918671 512
23659402 10 0 18918671 512
23528328 10 0 18918671 512
23462789 10 0 18918671 512
23331715 10 0 18918671 512
23200638 10 0 18918687 512
23135100 10 0 18918687 512
23004024 10 0 18918687 512
22938486 10 0 18918687 512
22938484 10 0 18918687 512
22872946 10 0 18918687 512
22872945 10 0 18918703 512
22872944 10 0 18918703 512
22872943 10 0 18918703 512
22872943 10 0 18918703 514
22872940 10 0 18918703 513
22872939 10 0 18918703 512
22872939 10 0 18918718 514
18744363 10 0 18918843 513
18678833 10 0 18918843 512
18678834 10 0 18918843 512
18613302 10 0 18918843 512
18547769 10 0 18918859 512
18482237 10 0 18918859 512
18482238 10 0 18918859 512
18482239 10 0 18918859 512
18416705 10 0 18918859 512
18416706 10 0 18918859 512
18416707 10 0 18918859 512
18351172 10 0 18918859 512
18351173 10 0 18918875 512
18351174 10 0 18918875 512
18416710 10 0 18918906 512
18482246 10 0 18918906 512
18547782 10 0 18918921 512
18678854 10 0 18918921 512
18744390 10 0 18918921 512
18809926 10 0 18918921 512
18875462 10 0 18918921 512
19072069 10 0 18918921 512
19137604 10 0 18918937 512
19268676 10 0 18918937 512
19530819 10 0 18918937 512
19596354 10 0 18918937 512
19727426 10 0 18918937 512
19858497 10 0 18918937 512
20120639 10 0 18918937 512
20251711 10 0 18918937 512
20448318 10 0 18918953 512
20644924 10 0 18918953 512
21103673 10 0 18918953 512
21234744 10 0 18918953 512
21431351 10 0 18918953 512
21627957 10 0 18918953 512
22152241 10 0 18918953 512
22283312 10 0 18918953 512
22610990 10 0 18918968 512
23004203 10 0 18918968 512
23331880 10 0 18918968 512
23594022 10 0 18918968 512
23856164 10 0 18918968 512
24118306 10 0 18918968 512
24642589 10 0 18918968 512
24773661 10 0 18918968 512
24970266 10 0 18918984 512
25363479 10 0 18918984 512
26084369 10 0 18918984 512
26215439 10 0 18918984 512
26543116 10 0 18918984 512
26936329 10 0 18918984 512
27198471 10 0 18918984 512
27591683 10 0 18919000 512
27984896 10 0 18919000 512
28378108 10 0 18919000 512
28967926 10 0 18919000 512
29033462 10 0 18919000 512
29361139 10 0 18919000 512
29688817 10 0 18919000 512
30213101 10 0 18919000 512
30344172 10 0 18919015 512
30540779 10 0 18919015 512
30737385 10 0 18919015 512
31065062 10 0 18919015 512
31130598 10 0 18919015 512
31392740 10 0 18919015 512
31523810 10 0 18919015 512
31785953 10 0 18919015 512
31851488 10 0 18919031 512
31982560 10 0 18919031 512
32113631 10 0 18919031 512
32179166 10 0 18919031 512
32310237 10 0 18919031 512
32572379 10 0 18919031 512
32768986 10 0 18919031 512
32834522 10 0 18919046 512
32900057 10 0 18919046 512
32965593 10 0 18919046 512
33031128 10 0 18919046 512
33096664 10 0 18919046 512
33096664 10 0 18919046 514
